1,1
1,0
0,408
0,322
0,243
0,1
0,0
22,3
19,5
0,9
0,310
0,305
0,308
0,304
0,303
0,302
0,307
0,12
0,10
0,8
32,3
32,2
32,0
19,4
19,3
2,3
1,3
0,300
0,299
0,298
0,297
0,296
0,295
0,294
0,293
0,292
0,291
0,290
0,289
0,288
0,412
0,287
0,411
0,286
0,410
0,285
0,409
0,284
0,407
0,283
0,406
0,282
0,405
0,281
0,404
0,280
0,403
0,279
0,402
0,278
0,401
0,277
0,400
0,276
0,399
0,275
0,398
0,274
1,2
2,0
2,2
3,0
3,2
3,3
3,5
4,0
4,1
4,3
5,0
5,2
6,0
6,1
6,3
6,4
7,0
7,1
7,3
8,1
8,2
8,4
9,0
9,2
10,0
10,1
10,3
10,4
11,0
11,1
11,3
11,5
12,0
12,2
12,3
12,5
13,1
13,2
13,4
19,0
19,2
22,0
22,2
32,1
22,4
22,1
19,1
13,3
13,0
12,4
12,1
11,4
11,2
10,5
10,2
9,3
9,1
8,3
8,0
7,2
6,5
6,2
5,3
5,1
4,2
3,6
3,4
3,1
2,1
0,397
0,273
0,396
0,272
0,395
0,271
0,394
0,270
0,393
0,269
0,392
0,268
0,391
0,267
0,390
0,266
0,389
0,265
0,388
0,264
0,387
0,263
0,386
0,262
0,385
0,261
0,384
0,260
0,383
0,259
0,382
0,258
0,381
0,257
0,380
0,256
0,424
0,255
0,379
0,254
0,423
0,253
0,422
0,252
0,421
0,251
0,378
0,250
0,420
0,249
0,419
0,248
0,377
0,247
0,376
0,246
0,375
0,245
0,374
0,244
0,417
0,242
0,372
0,241
0,371
0,240
0,373
0,239
0,370
0,238
0,369
0,237
0,368
0,236
0,367
0,235
0,366
0,234
0,365
0,233
0,416
0,232
0,364
0,231
0,363
0,230
0,362
0,229
0,418
0,228
0,360
0,227
0,359
0,226
0,361
0,225
0,358
0,224
0,357
0,223
0,356
0,222
0,355
0,221
0,354
0,220
0,353
0,219
0,415
0,218
0,352
0,217
0,351
0,216
0,350
0,215
0,414
0,214
0,348
0,213
0,347
0,212
0,349
0,211
0,346
0,210
0,345
0,209
0,344
0,208
0,343
0,207
0,341
0,206
0,340
0,205
0,413
0,204
0,339
0,203
0,338
0,202
0,337
0,201
0,336
0,200
0,335
0,199
0,334
0,198
0,333
0,197
0,332
0,196
0,331
0,195
0,330
0,194
0,329
0,193
0,328
0,192
0,327
0,63
0,326
0,62
0,325
0,61
0,324
0,60
0,323
0,59
0,321
0,58
0,320
0,57
0,342
0,56
0,319
0,55
0,318
0,54
0,317
0,53
0,316
0,52
0,315
0,51
0,314
0,50
0,313
0,49
0,312
0,48
0,311
0,47
0,309
0,46
0,306
0,45
0,301
0,6
0,5
0,11
0,4
0,2
0,3
0,7
